100
1 1 0 0 0 1 1 1 0 0
770490
0 1 1 0 0 0 0 1 1 0
717
0 1 0 1 0 1 1 0 1 0
3335
1 0 0 0 1 0 0 1 0 0
770770
0 0 0 1 0 0 1 0 0 0
3363
0 0 0 1 0 0 0 0 0 0
99
0 1 0 1 0 1 0 1 1 1
511799
0 1 1 1 1 1 1 1 0 1
990555
0 1 1 1 0 1 0 1 0 1
297729
0 0 0 1 0 0 0 0 0 0
88209
1 0 1 1 1 0 1 0 0 1
422
0 0 1 0 0 0 0 0 0 0
4884
1 1 1 0 0 1 0 0 0 0
2
0 0 1 0 1 0 1 1 1 1
446479
0 1 0 0 0 0 0 0 0 0
122221
0 0 0 1 0 0 0 0 1 0
8883
0 0 1 0 1 0 0 1 0 1
294744
0 0 1 1 0 1 0 0 1 1
92255
1 0 0 0 0 1 0 1 0 1
70750
0 0 1 0 1 1 1 0 1 0
36624
0 0 0 0 0 1 0 0 1 0
555858
0 0 0 0 0 0 1 1 0 0
210423
0 1 0 0 1 0 0 0 1 0
4
0 1 1 0 0 0 0 0 1 0
118882
0 1 1 1 1 1 0 1 1 1
544551
0 0 0 0 0 0 0 0 1 0
782144
1 0 0 1 0 0 0 0 0 0
99000
1 0 0 0 0 0 0 0 1 0
80
0 0 1 0 0 0 0 0 0 0
4884
1 0 0 0 1 1 0 1 0 1
700
0 1 1 1 0 0 0 1 0 0
219271
0 0 1 0 0 0 0 0 0 0
4884
0 0 0 0 0 0 0 1 1 1
690864
0 0 0 1 0 0 0 0 0 0
8019
0 0 1 1 1 1 1 1 1 1
58839
1 1 1 0 1 0 0 1 1 0
4188
0 0 0 0 1 1 0 0 0 0
544
0 0 1 0 0 0 0 1 0 1
292927
0 0 0 0 0 0 0 0 1 0
88
0 0 0 0 0 0 0 1 0 1
88173
0 0 0 0 0 0 1 0 1 1
8
0 0 0 1 0 1 0 1 0 1
9737
0 0 0 0 0 0 0 1 0 0
59829
0 0 0 0 0 1 1 1 0 0
6676
1 1 1 1 1 1 1 1 0 1
252132
1 1 1 1 1 1 0 0 1 0
881155
1 0 0 1 1 1 0 0 1 1
792689
1 1 0 0 0 0 1 0 1 1
888698
0 1 0 0 0 0 1 0 0 1
96669
1 0 0 0 1 1 0 1 0 0
7
0 0 0 0 0 0 1 0 0 0
239976
0 0 0 0 1 1 0 0 1 0
5
0 1 0 1 0 1 0 0 0 1
1
0 0 0 0 0 0 1 0 1 0
6686
0 1 0 1 0 1 0 0 0 0
45
1 0 1 1 1 0 0 0 1 0
748785
1 1 0 1 1 0 1 1 0 1
747494
1 0 1 0 0 0 0 0 0 1
580458
0 0 0 0 1 0 0 0 0 0
17776
0 1 1 1 1 0 1 1 0 0
773997
0 0 0 0 0 0 1 0 0 0
43956
0 0 0 1 0 0 0 0 1 0
388388
0 0 0 0 0 0 0 1 0 0
290521
0 1 0 0 0 1 0 0 0 1
995951
0 0 0 0 0 1 0 0 1 0
177600
0 1 0 0 1 0 1 0 0 0
926296
0 0 0 1 1 0 1 1 1 1
437546
0 0 0 1 0 0 0 0 0 0
362637
0 1 0 0 1 1 0 0 0 1
1151
1 1 1 0 0 1 1 0 0 0
792776
1 1 0 0 0 1 1 1 1 1
18190
0 0 0 0 0 0 0 0 1 0
788544
0 0 1 0 0 0 0 1 0 0
171384
0 0 0 0 1 0 0 0 0 0
312576
0 1 1 1 0 0 0 1 0 0
32311
0 1 0 0 0 0 0 0 0 0
12221
1 0 0 1 0 1 0 0 0 0
53000
0 1 0 0 1 0 0 0 1 1
9
0 0 1 1 0 1 0 1 0 0
523727
0 0 0 0 0 0 0 0 0 1
998001
1 0 0 0 1 1 0 0 0 0
444
1 0 1 1 0 0 1 0 0 0
66022
0 0 0 0 0 0 1 0 1 0
86
0 1 1 0 0 0 0 0 0 0
24752
1 0 1 0 0 0 0 0 0 1
9929
1 0 1 1 0 1 0 0 0 1
35202
0 0 0 0 1 0 0 0 0 0
30976
1 0 0 0 0 0 1 0 1 0
680668
0 0 0 0 1 0 0 0 1 0
44448
1 1 0 0 0 1 0 1 0 0
1000000
1 0 0 1 0 1 0 0 0 1
993939
1 1 0 1 0 0 0 1 0 1
311544
0 0 0 1 0 0 0 0 0 0
98901
0 1 0 1 0 1 0 0 1 0
35518
0 0 1 0 0 1 0 0 0 0
255
1 0 0 1 0 0 0 0 0 1
3
0 1 0 0 0 0 0 0 1 0
908798
1 0 0 1 1 0 1 0 0 1
142409
0 1 0 0 1 0 0 0 0 0
414
0 0 1 1 0 0 1 1 0 0
6
