100
0 1 0 0 0 0 0 0 0 0
11
0 0 0 0 0 0 1 0 0 0
36
0 0 0 0 0 0 0 1 0 0
77
1 1 1 0 1 0 0 0 0 0
91
1 0 0 0 0 1 0 1 1 0
78
1 0 0 0 1 1 1 1 1 1
57
1 0 0 0 0 1 0 0 1 0
88
0 0 0 1 0 0 0 0 0 1
3
0 0 0 0 1 0 0 0 1 1
98
0 1 0 0 0 0 0 0 0 0
11
0 0 0 0 1 0 1 1 0 1
34
1 1 0 1 0 0 1 0 0 1
33
1 1 0 0 1 0 1 1 1 1
99
0 0 1 0 0 0 0 0 0 0
22
0 0 1 0 1 0 1 0 0 0
48
0 0 1 1 1 0 0 0 1 0
2
0 0 0 0 0 0 0 0 0 1
9
0 1 1 1 0 1 1 1 1 1
13
0 1 1 0 1 0 0 0 0 0
22
0 0 1 0 0 0 0 0 0 0
22
1 0 0 0 1 1 1 0 0 1
59
0 0 0 0 0 0 0 1 1 0
49
0 1 0 0 0 0 0 0 0 0
11
0 0 0 0 0 0 0 0 1 0
64
0 0 1 0 0 0 0 1 0 0
72
0 1 0 0 0 1 1 1 0 0
15
0 1 0 0 0 0 0 0 1 1
1
1 0 0 0 1 0 0 1 0 0
44
0 0 0 0 0 0 1 0 0 1
99
1 0 0 1 1 1 1 0 1 0
30
1 1 1 0 0 0 0 0 0 0
2
0 1 0 1 1 1 1 0 0 0
11
1 0 0 1 0 1 0 0 0 0
15
0 0 0 0 0 1 0 0 1 0
40
0 0 0 0 1 0 1 0 0 0
64
0 0 0 1 0 0 0 0 0 0
99
0 1 0 1 0 0 1 1 1 0
61
0 0 0 0 1 0 0 0 0 0
44
0 0 0 1 1 0 1 0 0 1
34
0 0 0 0 0 1 0 0 1 1
88
0 0 0 0 0 1 0 0 0 0
55
1 0 0 0 0 0 0 1 0 0
89
0 0 1 0 1 0 1 0 0 1
62
0 1 1 0 1 0 0 0 1 1
68
1 0 0 0 0 1 0 0 1 0
81
0 0 1 1 1 0 0 0 1 0
8
0 0 0 1 0 1 1 0 1 0
32
0 0 1 0 0 0 0 0 0 1
36
0 0 1 0 1 0 0 0 0 1
9
0 0 0 1 1 0 1 1 1 1
69
0 1 0 1 0 0 1 1 0 1
17
0 0 1 0 0 0 1 0 0 0
75
1 1 0 0 1 0 1 0 0 1
100
0 1 0 0 0 0 0 0 1 1
19
1 1 0 1 0 0 1 1 0 1
99
0 0 1 1 0 1 0 0 0 1
5
0 1 0 0 0 0 1 0 0 0
11
0 1 0 0 0 0 0 1 0 1
20
0 0 0 1 0 1 0 1 0 0
5
1 0 0 0 0 1 0 0 0 0
50
1 0 0 0 0 1 0 0 0 0
5
0 0 0 1 0 0 0 0 0 0
81
1 0 0 0 1 0 0 1 1 1
40
0 0 0 1 1 1 0 1 0 0
4
1 1 1 1 1 0 0 1 1 1
87
0 0 1 0 1 1 1 0 1 0
54
0 1 0 0 0 0 0 0 0 0
11
0 1 0 0 1 0 1 1 0 0
67
1 0 0 1 1 0 1 0 0 0
18
0 0 0 1 0 0 0 0 0 0
99
0 0 0 1 1 0 1 0 0 1
69
0 0 1 0 0 0 0 0 0 0
32
0 0 0 0 0 0 0 1 0 0
77
1 1 1 1 1 1 0 1 1 1
54
0 0 0 1 0 0 0 0 0 0
99
0 1 0 0 0 0 0 1 0 0
71
1 1 1 1 0 0 1 0 1 1
60
0 0 1 0 0 0 0 0 0 0
88
0 0 0 1 1 1 0 0 0 0
3
0 0 0 0 1 0 0 0 0 0
64
0 0 0 0 0 1 0 1 0 0
77
0 1 0 1 0 0 1 0 0 0
6
1 0 0 1 0 1 1 1 1 0
8
1 0 0 0 0 1 0 0 1 0
5
0 0 0 0 0 0 0 1 0 1
77
0 1 0 0 1 0 0 1 0 0
40
0 0 0 0 0 0 1 1 1 0
76
0 0 0 0 1 0 0 0 0 0
64
0 0 1 0 0 0 1 1 1 0
28
1 0 1 0 0 0 0 0 0 0
20
0 0 0 0 1 0 0 1 0 0
74
0 1 1 0 0 0 0 0 1 0
56
0 0 0 0 1 0 0 0 0 1
99
1 0 1 0 0 0 0 1 1 1
53
0 0 0 0 0 0 0 0 1 1
9
0 0 0 1 1 0 0 0 1 0
3
0 1 0 1 0 1 0 0 0 0
45
1 1 0 0 1 0 0 1 0 0
7
1 0 0 1 1 1 0 1 1 0
43
1 1 0 1 1 0 0 0 0 0
93
