100
0 1 0 0 0 1 0 0 1 0
1
0 0 0 1 1 0 0 0 1 1
93
1 0 0 0 0 0 1 1 0 1
4
0 0 1 0 0 0 1 0 0 0
24
0 0 1 0 0 0 0 1 0 1
18
1 1 0 0 0 0 1 0 0 0
60
1 0 0 0 0 0 0 0 1 0
80
0 0 0 0 0 1 0 0 0 0
55
0 1 1 0 1 0 0 1 1 1
18
0 0 1 1 1 1 0 0 0 1
39
1 1 0 0 0 1 0 1 1 0
79
0 1 0 0 0 0 1 0 0 1
99
0 0 1 0 1 1 1 0 0 0
46
0 0 0 0 0 0 0 0 1 0
64
0 1 0 0 1 1 1 1 0 1
52
0 1 0 0 0 1 0 0 1 0
8
0 0 1 0 0 0 0 0 0 0
44
1 0 1 1 0 0 1 0 1 1
66
0 1 0 0 0 0 0 0 0 0
11
0 0 0 0 0 1 1 0 0 0
56
0 0 0 1 0 0 1 1 1 1
9
1 0 1 0 0 1 0 0 0 0
2
0 0 0 1 0 0 0 0 0 0
81
1 1 1 0 1 0 0 0 0 0
21
1 0 1 0 0 0 0 1 1 1
65
0 0 0 1 0 1 0 0 0 0
55
0 0 0 0 0 0 1 0 0 0
36
0 0 0 0 0 0 1 0 0 0
66
0 1 0 0 0 0 0 0 0 0
11
1 0 0 0 1 0 1 1 0 0
6
1 1 1 0 1 1 1 0 1 1
88
0 0 0 0 0 1 0 0 0 0
25
0 0 0 1 0 1 1 0 0 1
5
1 0 0 0 1 0 1 1 0 0
42
0 0 0 1 1 0 0 0 0 0
34
0 1 0 0 1 0 1 1 0 0
64
1 0 0 0 0 1 1 0 0 1
90
0 0 1 0 0 0 0 0 0 0
44
0 0 0 0 0 1 0 0 0 0
25
0 0 0 0 0 1 0 0 0 1
55
0 0 0 1 0 1 0 1 0 1
77
1 0 1 1 1 0 0 1 0 0
23
0 1 0 0 0 0 0 0 0 0
11
0 1 0 0 0 0 0 0 1 1
69
0 0 0 1 1 0 0 0 1 0
72
1 0 1 0 0 0 0 0 0 0
44
1 0 0 1 1 0 0 0 0 0
30
0 0 0 0 0 1 0 0 0 0
5
0 1 0 0 0 0 0 0 0 0
11
0 1 0 0 0 1 1 0 1 1
78
1 0 0 1 0 0 0 0 0 1
9
0 0 1 1 0 1 0 0 0 0
30
0 1 1 1 0 0 0 1 0 1
23
1 1 0 1 0 0 0 0 1 0
3
1 0 0 0 0 0 1 1 0 1
7
0 0 0 0 0 0 1 0 0 0
36
1 1 0 1 1 1 1 1 0 1
76
0 0 1 0 0 0 0 0 0 1
29
0 1 0 1 0 0 1 1 0 0
63
0 0 0 0 0 0 0 0 1 0
64
0 0 0 0 0 0 0 0 1 0
64
0 1 0 0 0 0 0 0 0 0
11
0 1 0 0 0 1 0 0 0 0
55
0 1 0 1 0 0 0 1 0 0
21
1 1 1 0 0 1 0 1 1 0
8
0 0 1 0 0 1 0 1 1 1
8
0 1 0 0 0 0 1 0 0 0
61
0 0 0 1 1 1 0 0 1 0
4
1 1 0 0 0 0 0 0 0 1
99
1 1 1 1 0 0 1 0 0 0
100
0 0 0 1 1 0 0 0 0 0
43
0 1 1 0 0 0 1 1 1 1
72
1 0 1 1 1 1 0 0 0 1
32
1 0 0 0 0 1 0 0 0 0
27
0 1 0 0 1 0 0 0 0 0
41
0 1 0 1 0 0 1 0 0 1
39
1 0 1 0 0 1 1 1 1 1
56
0 0 0 1 0 0 0 0 0 0
99
1 1 0 0 0 1 0 0 1 1
8
0 0 1 0 1 0 0 0 0 1
42
0 1 0 0 0 0 1 1 0 0
36
0 0 0 0 1 1 0 0 0 0
45
0 1 1 1 0 0 0 0 0 0
2
0 0 0 0 1 0 0 0 0 1
95
1 1 1 0 1 1 1 1 1 1
8
0 0 0 0 0 0 0 0 0 1
81
0 0 1 0 0 1 0 1 0 1
84
1 0 1 1 1 1 0 1 1 0
30
0 1 0 0 0 0 0 0 1 0
18
0 0 0 1 1 0 0 0 0 0
16
0 1 0 1 0 1 0 0 0 0
45
0 1 1 0 1 1 1 1 1 0
48
1 0 0 1 0 0 0 0 0 0
90
0 0 0 0 0 0 1 1 0 1
79
0 0 1 1 1 0 0 0 1 0
34
0 1 1 0 1 0 0 1 0 0
31
0 0 0 0 0 0 0 0 1 0
8
0 1 1 1 0 1 0 0 0 1
53
1 0 1 0 0 0 0 1 0 0
20
0 1 0 0 0 0 0 0 1 0
88
