6
10
42 72 38 75 45 67 21 34 19 48 8 28 10 31 14 58 28 32 18 53 
5
10
66
26
84
35

25
101 206 47 118 45 114 114 176 56 119 38 41 8 128 16 38 61 183 96 178 81 199 26 49 116 125 103 181 85 204 28 143 32 106 86 184 101 127 87 204 40 149 39 60 82 121 120 136 120 208 
25
99
170
188
214
210
82
174
157
35
10
38
73
31
235
115
169
46
119
116
49
211
8
170
48
13

50
1 500 500 500 160 233 155 197 194 348 23 54 128 366 146 175 181 243 29 150 153 259 50 151 128 265 112 125 12 173 183 431 35 240 22 211 16 90 85 303 29 169 136 271 38 55 222 224 248 423 61 91 195 277 221 418 242 481 107 298 160 175 28 146 34 50 79 156 190 243 57 154 158 272 70 303 42 119 70 177 47 290 16 221 147 217 180 223 100 174 174 417 161 188 242 300 247 363 11 49 
50
362
218
1
40
314
71
340
50
470
94
1
368
273
152
340
422
427
38
205
396
133
252
348
92
253
403
346
58
79
386
226
101
336
409
413
443
279
333
156
195
170
208
291
359
308
416
98
140
133
127

15
52 52 150 150 2 2 3 160 61 124 13 95 30 213 172 315 84 172 102 147 22 90 6 99 157 281 114 136 92 187 
8
52
209
367
360
334
162
41
2

20
39 79 89 239 111 307 161 353 21 210 71 305 73 158 123 279 105 170 155 285 157 221 207 310 182 294 232 347 43 227 93 313 5 109 55 254 183 191 233 295 
15
248
327
40
365
329
90
162
72
124
156
208
233
94
56
234

15
134 260 10 134 89 263 146 177 5 132 109 293 155 342 98 207 82 132 159 346 135 308 54 244 84 212 163 204 19 184 
8
134
94
196
336
197
184
321
276

