6
10
8 36 28 50 30 43 18 24 9 47 14 28 26 45 27 49 43 56 21 36 
5
25
32
83
32
65

25
54 151 40 152 57 117 22 124 53 103 27 54 20 124 87 209 45 66 3 38 64 89 82 206 114 134 121 223 120 213 123 169 123 226 96 153 89 168 14 127 58 151 94 146 122 135 73 105 90 145 
25
111
17
59
173
37
1
31
226
92
159
87
38
227
247
227
65
3
98
173
215
215
131
160
23
213

50
1 500 500 500 46 132 150 241 68 93 130 336 128 295 39 229 113 252 248 451 237 296 199 419 137 259 110 166 25 165 207 301 8 250 197 361 153 235 9 136 248 280 188 326 191 226 192 256 132 355 184 268 127 213 82 205 76 305 144 162 86 97 155 353 235 384 140 247 36 43 83 321 148 339 39 269 221 329 184 411 8 73 49 189 89 243 193 391 243 338 175 187 91 147 167 386 182 413 131 149 
50
343
81
14
225
289
349
494
75
102
464
189
39
354
396
134
251
24
409
469
99
1
280
253
467
334
77
483
51
278
255
172
499
369
148
476
111
95
371
185
207
168
157
300
172
1
66
222
162
172
33

15
120 120 98 98 129 129 153 310 88 269 191 281 34 66 98 291 145 237 5 198 84 249 59 96 74 266 162 241 182 221 
8
120
381
1
307
103
189
392
129

20
54 60 104 230 83 209 133 304 59 95 109 247 20 158 70 279 48 181 98 290 190 228 240 314 22 109 72 254 42 239 92 319 77 204 127 302 103 158 153 279 
15
239
242
302
130
309
105
134
110
71
99
241
73
93
128
154

15
199 204 27 199 125 173 123 321 133 278 74 216 10 72 74 215 17 173 73 130 174 194 9 202 99 250 186 204 152 282 
8
199
103
210
217
98
165
35
301

