35

3
8 7 2 
3 1 6 
9 5 4 
5
9 1 23 5 10 
18 21 2 25 16 
13 19 17 20 14 
12 22 8 4 6 
7 15 11 3 24 
3
6 5 1 
2 3 4 
8 7 9 
2
1 2 
3 4 
8
6 56 20 31 28 25 4 60 
42 8 27 57 40 21 22 64 
12 17 37 15 55 14 44 39 
49 11 58 48 7 9 30 18 
32 38 43 52 2 63 46 36 
51 47 35 41 19 54 50 23 
62 26 33 29 5 16 34 53 
45 3 24 61 10 59 1 13 
9
71 32 80 49 34 13 11 37 74 
2 46 52 28 77 45 69 3 4 
15 58 67 66 7 70 68 50 51 
62 65 59 14 79 25 55 6 81 
18 33 61 41 60 73 36 21 53 
9 31 1 76 39 57 12 48 30 
5 64 40 17 27 38 26 22 72 
16 75 29 63 35 10 54 8 42 
44 47 24 78 19 23 43 56 20 
9
78 79 80 81 1 2 3 4 5 
6 7 8 9 10 11 12 13 14 
15 16 17 18 19 20 21 22 23 
24 25 26 27 28 29 30 31 32 
33 34 35 36 37 38 39 40 41 
42 43 44 45 46 47 48 49 50 
51 52 53 54 55 56 57 58 59 
60 61 62 63 64 65 66 67 68 
69 70 71 72 73 74 75 76 77 
3
2 8 5 
1 6 7 
4 9 3 
5
17 5 20 11 2 
15 6 25 22 9 
16 21 4 24 23 
10 12 14 1 13 
18 8 3 19 7 
8
15 34 48 50 13 61 47 58 
56 6 40 64 23 31 5 27 
1 18 16 35 10 42 33 21 
49 39 54 63 46 55 11 28 
38 32 43 45 4 12 7 20 
25 29 17 3 14 22 52 36 
53 62 9 2 41 37 26 19 
60 44 8 51 30 24 59 57 
5
5 19 10 15 7 
1 22 21 14 24 
17 11 13 9 2 
8 12 4 18 6 
16 20 3 25 23 
10
96 97 98 99 100 1 2 3 4 5 
6 7 8 9 10 11 12 13 14 15 
16 17 18 19 20 21 22 23 24 25 
26 27 28 29 30 31 32 33 34 35 
36 37 38 39 40 41 42 43 44 45 
46 47 48 49 50 51 52 53 54 55 
56 57 58 59 60 61 62 63 64 65 
66 67 68 69 70 71 72 73 74 75 
76 77 78 79 80 81 82 83 84 85 
86 87 88 89 90 91 92 93 94 95 
3
7 8 6 
3 4 2 
9 1 5 
3
5 6 7 
8 9 1 
2 3 4 
8
57 17 45 41 9 5 37 19 
38 40 63 20 56 30 26 29 
12 2 7 3 14 23 48 10 
53 35 24 21 47 1 50 59 
51 27 39 64 11 44 6 52 
4 22 33 49 43 46 25 58 
54 18 31 8 62 61 34 28 
15 36 13 55 60 42 16 32 
1
1 
8
24 57 54 13 46 50 63 37 
19 27 32 20 34 3 26 28 
33 16 8 42 11 22 49 38 
31 52 23 51 59 60 35 58 
64 55 5 1 14 61 18 9 
10 48 43 2 47 40 36 44 
25 15 62 12 41 6 39 45 
17 21 30 4 56 7 29 53 
8
10 51 4 33 24 31 7 49 
55 8 46 39 2 16 40 62 
36 3 52 53 34 13 60 43 
64 9 1 23 26 30 18 5 
58 19 54 32 12 63 14 44 
25 37 6 42 11 17 56 15 
48 27 28 22 50 38 45 57 
41 35 20 59 47 29 21 61 
10
58 74 99 29 94 64 57 93 32 38 
84 26 91 73 3 68 10 96 22 25 
47 98 100 17 23 81 27 65 89 61 
67 95 55 28 40 36 8 41 87 4 
15 90 13 34 62 88 14 44 56 82 
52 33 24 39 76 59 53 48 92 71 
2 12 31 21 45 6 9 97 66 85 
79 78 30 42 60 35 80 69 49 51 
1 77 37 19 20 43 7 18 83 11 
46 16 50 70 63 54 86 5 72 75 
5
21 24 17 5 8 
3 11 7 18 20 
19 16 23 12 10 
14 4 9 13 15 
1 6 22 25 2 
4
11 3 13 15 
9 2 10 6 
4 5 14 12 
16 7 8 1 
4
16 2 12 3 
8 15 13 5 
7 10 1 14 
6 11 4 9 
1
1 
5
13 3 21 2 12 
1 15 23 19 16 
17 8 4 25 22 
7 5 9 10 11 
14 6 24 18 20 
6
27 18 26 23 30 1 
32 31 19 20 14 33 
7 22 9 34 5 36 
3 13 29 4 35 16 
2 28 6 15 11 21 
12 25 8 24 10 17 
5
12 10 24 6 20 
7 13 23 4 25 
21 8 1 9 16 
19 14 17 2 5 
18 3 11 15 22 
8
5 6 7 8 9 10 11 12 
13 14 15 16 17 18 19 20 
21 22 23 24 25 26 27 28 
29 30 31 32 33 34 35 36 
37 38 39 40 41 42 43 44 
45 46 47 48 49 50 51 52 
53 54 55 56 57 58 59 60 
61 62 63 64 1 2 3 4 
8
19 15 58 24 4 27 3 51 
16 64 43 52 26 40 61 6 
49 7 47 8 60 13 38 45 
46 28 41 44 48 30 54 57 
2 31 50 62 55 33 9 5 
63 22 10 18 32 17 29 35 
20 34 12 37 14 23 53 11 
25 36 21 1 59 39 56 42 
6
2 27 28 34 17 33 
8 9 13 15 16 20 
22 3 29 31 12 21 
5 23 24 36 25 1 
4 7 18 26 32 11 
6 10 30 35 19 14 
1
1 
10
10 11 12 13 14 15 16 17 18 19 
20 21 22 23 24 25 26 27 28 29 
30 31 32 33 34 35 36 37 38 39 
40 41 42 43 44 45 46 47 48 49 
50 51 52 53 54 55 56 57 58 59 
60 61 62 63 64 65 66 67 68 69 
70 71 72 73 74 75 76 77 78 79 
80 81 82 83 84 85 86 87 88 89 
90 91 92 93 94 95 96 97 98 99 
100 1 2 3 4 5 6 7 8 9 
7
33 17 28 40 35 5 29 
32 10 39 43 7 6 48 
41 37 2 46 18 36 47 
3 1 22 34 21 14 19 
20 44 25 15 9 26 16 
30 24 13 23 11 42 8 
49 27 12 4 31 45 38 
7
13 43 47 32 16 37 22 
42 27 3 4 15 8 5 
39 46 35 21 48 33 20 
29 7 38 1 36 45 26 
34 23 44 41 10 30 40 
11 31 18 19 6 49 25 
12 14 24 28 2 17 9 
8
57 58 59 60 61 62 63 64 
1 2 3 4 5 6 7 8 
9 10 11 12 13 14 15 16 
17 18 19 20 21 22 23 24 
25 26 27 28 29 30 31 32 
33 34 35 36 37 38 39 40 
41 42 43 44 45 46 47 48 
49 50 51 52 53 54 55 56 
2
3 1 
2 4 
