20
100 100 100
5
40 70 30
30 10 40
20 20 50
10 50 90
40 10 20
181 750 819
20
60 10 576
303 39 917
158 159 42
16 499 333
115 959 782
841 229 358
142 10 742
181 750 819
53 588 951
668 160 18
10 66 238
865 416 10
374 107 988
149 926 470
59 223 914
11 564 201
23 24 28
10 359 455
818 159 841
132 963 10
827 994 940
20
262 846 390
19 543 52
839 400 405
23 859 592
420 513 357
562 331 218
497 141 492
748 632 524
15 722 48
80 521 176
815 533 62
508 51 171
19 291 136
674 895 157
325 10 62
209 362 439
12 50 10
88 373 711
13 58 274
287 342 443
330 906 847
20
39 716 70
142 19 752
683 311 640
846 374 773
14 818 12
586 30 36
188 887 95
242 951 355
255 112 650
286 978 64
15 73 45
32 688 37
690 481 831
187 29 61
236 860 147
393 897 150
558 717 77
471 483 682
582 108 65
102 251 953
536 749 776
20
55 10 724
122 264 654
10 980 98
494 242 170
159 814 813
615 278 95
251 298 381
310 43 52
735 913 69
195 29 266
15 324 268
12 831 11
19 148 12
30 323 24
417 186 702
799 890 338
79 615 470
540 62 142
206 132 220
347 15 916
601 522 597
20
107 130 377
48 878 702
250 217 15
102 122 80
271 229 510
72 30 15
422 124 414
784 295 10
550 564 649
359 792 57
95 12 248
112 270 247
446 281 64
11 379 328
918 147 824
187 156 112
114 28 482
16 809 83
19 64 123
701 48 25
734 644 887
20
676 968 23
946 215 329
122 851 31
219 99 845
311 57 422
229 117 452
114 78 48
329 388 63
855 924 12
335 774 659
463 361 424
308 947 550
191 252 239
10 245 760
133 369 824
860 193 530
10 485 782
487 197 15
852 61 373
118 426 365
713 395 742
20
23 71 10
354 698 38
138 691 869
44 11 726
166 974 477
375 331 445
426 182 17
938 288 685
10 371 432
30 808 202
955 279 805
678 408 752
430 62 748
269 19 174
636 317 203
266 296 676
13 582 811
260 812 11
43 805 113
813 492 552
291 999 572
20
514 631 123
688 547 135
822 542 52
95 22 100
25 100 384
28 174 413
37 474 15
702 511 465
10 26 742
616 863 74
815 850 707
364 10 563
48 43 225
725 75 62
991 270 100
26 131 867
168 803 59
289 408 23
70 54 234
459 876 640
212 742 882
20
60 808 88
705 10 132
473 456 113
599 186 220
182 932 34
31 10 719
132 843 813
383 223 950
326 68 61
909 564 74
32 175 784
305 20 62
280 193 919
746 96 441
97 209 10
315 989 764
320 37 281
773 852 44
11 920 679
371 540 596
410 787 593
20
157 816 309
51 78 20
281 125 720
29 881 205
91 476 664
552 985 252
414 753 58
98 261 469
684 57 494
206 276 570
233 731 655
16 226 814
28 617 242
756 600 176
292 259 708
949 52 312
11 452 87
448 919 291
20 20 20
281 54 17
788 804 781
20
447 71 70
274 994 525
577 199 427
543 963 263
438 11 11
484 844 38
54 125 371
123 10 217
797 403 18
41 527 163
487 10 171
16 762 912
10 932 68
694 118 222
759 10 22
670 917 553
107 871 413
119 82 410
614 472 670
230 100 99
425 837 606
20
36 382 976
898 10 596
773 773 287
160 170 135
166 13 340
412 94 139
441 348 778
676 103 850
134 37 244
12 146 165
542 14 623
264 248 10
89 71 18
173 27 452
340 222 227
62 560 446
139 245 48
15 830 769
774 655 30
429 216 92
991 827 352
20
29 560 929
139 681 102
144 853 10
84 729 80
218 20 67
140 80 901
428 20 500
520 970 128
422 419 30
413 101 192
467 448 501
32 939 684
34 20 38
251 317 132
588 437 10
648 21 79
391 25 14
499 22 24
854 77 361
405 25 20
861 761 436
20
53 70 126
176 143 95
758 312 907
409 183 29
887 63 355
781 941 21
235 192 358
43 20 93
106 138 551
196 10 576
195 875 263
213 449 401
639 73 934
655 222 98
53 71 141
537 976 662
669 26 11
294 729 93
436 17 15
246 341 467
978 383 580
20
58 445 25
462 16 364
44 639 37
22 876 239
437 128 293
540 588 21
304 22 249
310 957 587
29 589 10
99 983 763
96 49 987
119 10 62
654 53 10
151 435 15
13 300 449
399 656 102
10 158 322
215 688 112
10 116 576
207 283 517
686 595 72
20
484 559 115
352 42 892
44 674 953
686 616 366
992 981 409
421 30 197
744 359 16
716 150 327
50 518 235
207 212 177
20 430 588
551 690 970
25 238 408
44 14 140
68 708 337
235 952 283
68 851 120
21 790 505
275 336 987
131 552 16
292 264 512
20
909 302 261
705 597 823
291 51 126
28 697 57
593 31 826
311 256 57
292 14 47
29 730 716
12 529 146
768 16 439
37 472 15
350 192 34
163 468 238
69 173 10
203 72 690
424 875 213
223 593 292
151 46 10
88 90 16
773 653 711
100 100 100
1
100 100 100
855 390 629
20
387 456 303
689 97 355
440 293 297
33 777 143
148 769 21
729 811 907
17 954 233
761 15 172
102 38 21
22 199 198
614 916 620
42 56 55
603 32 829
139 53 968
689 168 61
14 680 22
952 147 134
307 632 625
290 57 773
10 13 152
